0515107263
0770420079
0440223202
0553281437
0345348109
0451184890
0449207277
0440226457
0553560719
0446351946
0061015725
0553216872
0425132625
0345347226
0671873210
0553297260
044177413x
0451190572
0671797530
0804115362
0380435543
0373104359
0671619683
0446360589
0671650904
0449208281
067104253x
0553239864
0425097609
0451190564
051511054x
0440185106
0671504320
0553265636
0380761157
0380770970
0786889756
0373835701
0425126455
0733502911
0440998050
0553273108
0804117950
0671632671
0743457978
0449219283
0553271571
067170124x
0312983212
0345319370
0451197259
055321747x
055357227x
0449134482
0385479565
155166285x
0439236193
0451180232
0451167317
0515104191
0590430149
0316174688
0440200563
0425147363
0515115630
0812550765
0553585681
0451401859
0816737940
0140092323
0373970498
0553141406
0515130095
0451205189
0061083879
0446324191
0446603600
1416502998
0451193288
0345316770
0061007129
0340558768 
0553588257
0515111317
0425204286
0553275283
0671011626
0671525433
0451405137
0380455676
0345285417
0345285077
055299619X
0440409101
1901982645
0897721489
0671299794
0440350271
0440931800
0007121520
0802448194
0439399947
0263828743
0330389718
059098182X
0553130749
0749933240
0449232123
0345295064
0586070427
0425081818
8170965543
0394720261
0451146425
0373108664
0373706332
055340394x
0380651939
0385490992
0590129317
0586052070
0352300221
8178264471
0451210751
088404632x
0099183900
0446354732
9810044445
0708825737

9780755305438
9780752842806
9780743411431
9780755327928
9780671018214
9780340793602
9780330489959
9780884046325
9780007320455
9780425104279
9780671715397
9780263863383
9780553580198
9780060002497
9788184741711
9788184741902
9780671032586
9780590434164
9780812514438
9780435123550
9781551666518
9780330024570
9780312925888
9780345412881
9780263816662
9780451521736
9780671037390
9780099416173
9780345506863
9780751528244
9780553275971
9780263808100
9780786889433
9780425109724
9780263812305
9780330391566
9781857233759
9780747403296
9780373507252
9780006510277
9780712670647
9780316955287
9780330493901
9780440211471
9780446353205
9780330439305
9780553813838
9780330471923
9781444709773
9780340933459
9780373825561
9781853260124
9788184741254
9780373248650
9780553572179
9780007127283
9781577483427
9780340592830
9780765348357
9780451210753
9780446604239
9780553263213
9788184741353
9781560766261
9780586072707
9780312982508
9780553579987
9781409103615
9780373274123
9780449702543
9781841351414
9780380812011
9781551669137

9780451204899
9780733605833


9780141015347
9780333914342
9780440238911
9780590441124
9788184740523
9780312985202
9780515139259
9780671568696
9780450055171
9780755300976
9780545028257
9780440236672
9780330233804
9780755320097


9780007269471
9780553299151
9783902217127
9780060899400
9780091879242
9788497593656
9788408058281
9780812524987
9780671024246
9780515138092
9780671028213
9780312922726
9780373811090
9780451210920
9780843935875
9780786013296
9789351064343
9780141321134
9780553295788
9780345365934
9780743491594
9780061097850
9780312987855
9781405912044
9780671027667
9780007146109
9780778324263
9780007300822
9780373057061
9780451207647
9781551669236
9780515119923
9780451212160
9780552144384
9780006513506
9780553578904
9780345402301
9780821729793
9780446602525
9780449219393
9781408801062
9780553561364
9780340920893
9780515145847
9780340898956
9780345502476
9780843963205
9780345314253
9780099497868
9780671013776
9780553290769
9780316107280
9780345313867
9780804115766
9780099416173
9780671780388
9780099912101
9780061013515
9780778323464
9780446401982
9781551669496
9780099580430
9780786023417
9780449219386
9780552996181
9780441017010
9780304366286
9780425198735
9780373773305
9780340933480
9780425168295
9780007300815
9780007355228
9780515121728
9780689804465
9780099476658
9780373773640
9780006513919
9781904442479
9780671758899
9780007248995
9780553817508
9780312936686
9780451195494
9780373770977
9780140276909
9780749307745
9780099451952
9780330513685
9780007457687
9780451195494
9780143032199
9780373833429
9780671532888
9780425160985
9780446362924
9780747265009
9780552161244
9780373874569
9780352315779
9780451401298
9780263888195
9789351060789
9780515113518
9780425141236
9780821793992
9780515125498
9780575089365
9780340566381
9780060555894
9780061099014
9780140244823
9780263771558
9780553274295
9780808556299
9781847671691
9780553299748
9780440228387
9780140273939
9781416509790
9780446531085
9780751535891
9780451190499
9781551660325
9780451190574
9788171674596
9780061031991
9780553574081
9780373121090
9780373266760
9780606003698
9780778326410
9781416517092
9780340937266
9780515126983
9780671041854
9780380720811
9780743466769
9780671024581
9780340835470
9780380713820
9781416523321
9780007194834
9780440966388
9780345434111
9780380817443
9780515118650
9780515128321
9780440237686
9780786000593
9780263866438
9780778326694
9780778320487
9780743469784
9780263820522
9780449221624
9780312966959
9781551665870
9780340686034
9788184742503
9780446561969
9780671020293
9483515146387
9780385492089
9781870451109
9780440222873
9780755381449
9780752264882
9780440241584
9781400096886
9780440234968
9780451185143
9780330435628
9780099491149
9781907410352
9788184749908
9780263864359
9788184744521
9780821770825
9780439026956
9780373150748
9780345366245
9780440209416
9780671701260
9780590425568
9780515116243
9780241962756
9780263864526
9780007165872
9780440220428
9780553581386
9780425132340
9781575663647
9780440211891
9780425216286
9780425178584
9780099199809
9780263785081
9780330354318
9780450054099
9780778323167
9780330269827
9781841491479
9781597897617
9780330340328
9780006471165
9780446617093
9780340204467
9780099552512
9780099918806
9781416524519
9780747248064
9780553171389
9780006925033
9781841860275
9780006473053
9780708853283
9780345453815
9780747403463
9780140620122
9780007180592
9780140620788
9780340548752
9780340407196
9780330453110
9780747234425
9780778324935
9780586034866
9780340562390
9780340617588
9781852838829
9780446615143
9780552147521
9780747405351
9780552136341
9780450053764
9780553175578
9780099271475

9780842321938
