9780515115635
9780743479011
9780449002414
9780778325628
9780671740115
9780553585988
9780786020447
9780345384355
9781583141564
9780440224778
9780312971342
9780446536301
9780743442237
9780373361649
9780553578683
9780439609951
9780553583625
9780061097638
9780345380371
9780425204306
9780743269599
9780061449468
9780425214763
9780743448659
9781551668819
9780425158616
9780330457545
9780312976880
9780446538350
9780007266067
9780312966195
9780007773589
9780778324676
9780425113882
9780230711273
9780434014729
9781573243728
9780446508940
9780330368995
9780330535670
9780060555665
9780553820430
9780141318608
9780671785888
9780671017040
9780425182871
9780515141559
9780340938287
9780340363706
9780553568769
9780553289329
9780671870119
9780380769841
9780425131763
9780743437134
9780007340569
9780330418980
9780263742954
9780330396295
9780373076130
9780821775783
9780821773468
9780553273298
9780345480231
9780312974190
9780553443752
9780515116472
9780425204207
9780440234746
9780061099700
9780449219461
9780451176240
9780553587562
9780671568177
9781848091832
9780330376242
9780006514190
9798172234897
9780061013515
9780778327837
9781551662602

9780070597716
9780821775769
9780060092986
9780373030163
9780425212691
9788172235031
9780380807895
9780425147627
9780312937690
9780071067232
9780263854701
9781408800263
9780571239801
9780747257905
9780380710218
9780373245390
9780751538892
9780061684395
9780778323501
9780340899250
9781471110948
9781447265092
9780718157999
9780380810932
9780446315173
9780751527131
9780061083457
9780745923895
9780099492153
9780099445326
9780312938048
9780340963531
9780545097390
9780743466776
9780099179511
9781551660493
9780747599678

0553574086
0751525359
0425137562
0553562355
0553291009
0451138945
067101417x
0446306061
0684185032
0373030495
0553257137


MARK H. McCORMACK - WHAT THEY DONT TEACH YOU AT HARVARD BUSINESS SCHOOL
AYN RAND - WE THE LIVING


