0263724794
055211958X
0425116565
037357598X
033025023X
0451190149
0425067645
0373703112
0812518039
0446303011
0553121367
9780553587944
9780553578683
9780440216872
9780451184115
9780743431033
9780006513513
9780671648022
9780708849330
9780804111355
9780330372893
9780380443888
9780882705606
9780340590409
9780099823308
9780310610991
9780380704439
9780553573206
9780373295654
9780006498445
9780451177094
9780446606738
9780345386106
9780345444882
9780373505968
9780380752997
9780425124345
9780006177302
9780099933007
9780446607216
9780440982395
9780263753028
9780440241416
9780330299893
9780425133293
9780099568902
9780340327241
9780426197805
9780586061251
9780449004159
9780552146838
9780515124200
9780352314895
9780340654286
9780060531249
9780312995454
9780312936709
9780425180969
9780552150149
9780345353146
9780312989385